0   1   eps 0
0   5   eps 0
0   7   eps 0
0   7   0   0
0   7   1   1
0   7   2   2
0   7   3   3
0   7   4   4
0   7   5   5
0   7   6   6
0   7   7   7
0   7   8   8
0   7   9   9
1   2   eps 0
2   3   eps 0
3   4   0   0
3   4   1   1
3   4   2   2
3   4   3   3
3   4   4   4
3   4   5   5
3   4   6   6
3   4   7   7
3   4   8   8
3   4   9   9
4   4   0   0
4   4   1   1
4   4   2   2
4   4   3   3
4   4   4   4
4   4   5   5
4   4   6   6
4   4   7   7
4   4   8   8
4   4   9   9
5   6   eps 0
4   4   0   0
4   4   1   1
4   4   2   2
4   4   3   3
4   4   4   4
4   4   5   5
4   4   6   6
4   4   7   7
4   4   8   8
4   4   9   9
5   6   eps 0
6   3   0   0
6   3   1   1
6   3   2   2
6   3   3   3
6   3   4   4
6   3   5   5
6   3   6   6
6   3   7   7
6   3   8   8
6   3   9   9
7   6   0   0
7   6   1   1
7   6   2   2
7   6   3   3
7   6   4   4
7   6   5   5
7   6   6   6
7   6   7   7
7   6   8   8
7   6   9   9
4